10000
9926
9842
9763
9724
9680
9662
9574
9552
9523
9426
9381
9345
9292
9246
9204
9129
9127
9034
9025
8933
8837
8801
8758
8752
8748
8701
8647
8644
8587
8501
8407
8395
8322
8243
8221
8122
8026
8004
7912
7874
7841
7799
7781
7732
7696
7625
7528
7442
7438
7419
7379
7300
7284
7255
7155
7149
7094
7034
6968
6884
6876
6805
6782
6731
6663
6640
6580
6557
6467
6418
6372
6290
6252
6197
6158
6122
6087
6031
5970
5913
5829
5764
5740
5664
5623
5585
5558
5531
5502
5463
5453
5431
5343
5342
5333
5304
5275
5244
5202
5172
5097
4999
4986
4925
4868
4770
4736
4727
4655
4597
4536
4515
4415
4412
4362
4277
4189
4114
4041
4022
4006
3988
3920
3885
3841
3776
3765
3684
3683
3660
3627
3609
3607
3518
3443
3382
3342
3262
3254
3195
3185
3178
3167
3128
3066
3000
2915
2865
2779
2740
2647
2556
2464
2418
2372
2312
2293
2202
2181
2115
2070
2038
2036
1954
1943
1912
1840
1754
1684
1613
1522
1469
1468
1441
1397
1373
1310
1295
1293
1198
1178
1154
1152
1113
1057
1002
976
920
885
803
781
702
608
566
564
511
500
496
418
320
