200
276
304
356
388
414
485
577
593
600
665
741
826
862
946
984
1075
1165
1193
1272
1340
1355
1409
1439
1536
1593
1626
1724
1741
1792
1865
1876
1935
1955
1959
1990
1995
2077
2162
2253
2329
2418
2458
2555
2610
2660
2741
2777
2789
2811
2880
2926
3019
3081
3133
3172
3223
3231
3323
3418
3493
3580
3665
3765
3864
3922
3945
3963
3985
4054
4058
4099
4127
4140
4229
4296
4393
4420
4422
4458
4548
4623
4653
4713
4728
4745
4770
4805
4893
4904
4986
5050
5085
5101
5146
5221
5260
5359
5388
5441
5474
5555
5621
5686
5721
5819
5874
5928
5980
6055
6154
6170
6194
6290
6387
6461
6554
6577
6645
6668
6711
6747
6777
6785
6825
6906
6997
7073
7092
7102
7146
7211
7299
7315
7337
7391
7455
7474
7481
7574
7602
7648
7654
7704
7711
7729
7807
7845
7927
7930
7965
8006
8097
8161
8168
8182
8267
8272
8333
8400
8466
8478
8536
8588
8624
8721
8761
8803
8808
8881
8894
8908
8930
9006
9072
9103
9195
9202
9259
9271
9354
9392
9486
9512
9548
9569
9588
9681
9776
9841
9859
9942
9966
9988
10014
10071
10110
10132
10146
10243
10278
