91
1927
1447
1362
1614
279
1749
1129
689
462
1148
1261
887
331
715
945
521
1923
779
1358
1841
888
1108
1898
1842
787
944
1437
646
1095
527
1078
1984
54
705
1399
334
7
369
1322
315
486
1943
40
798
890
1496
1029
730
1037
1792
829
71
1079
972
476
1322
1093
1456
1059
41
676
1561
1290
1253
928
757
1354
1561
1876
772
664
1051
10
1072
1523
1592
1712
442
1865
1147
1028
262
824
162
1364
428
458
609
203
1830
1275
804
1564
734
587
1179
1784
1871
813
1465
290
1900
201
1027
511
1136
545
613
402
129
293
1292
1481
704
1327
1180
1164
281
1466
1588
1796
987
42
1902
1911
1418
1318
942
1952
1292
1021
1722
203
533
1827
1660
1701
536
1396
1405
1286
203
1433
1595
1832
117
1475
1844
1573
1741
1257
1435
849
772
1163
604
920
1678
829
1991
1204
856
982
731
1812
1589
1602
1831
486
993
1174
816
299
1387
1473
258
1839
613
385
1300
172
1939
1090
1847
1182
1246
1460
1585
1385
990
915
842
1773
1549
656
579
1754
1570
1328
