766
581
458
1221
177
598
245
1797
191
1173
35
485
1455
883
1520
1166
599
1002
1424
830
610
744
1989
887
1827
797
1848
988
1400
1524
1895
194
901
193
603
1591
896
743
1766
579
1685
250
204
967
1300
849
1426
86
928
1337
776
1152
1595
539
632
553
319
1716
1055
312
992
1844
1774
1884
254
420
620
1220
1005
796
1775
1333
142
327
1888
1107
333
889
409
575
595
920
753
956
783
385
739
690
1038
791
1430
95
716
1485
1401
1777
1533
458
1293
1607
479
974
90
980
59
1002
414
1171
1105
207
125
654
1052
70
80
411
521
1667
1422
1497
1065
348
18
754
229
260
1669
494
1805
941
273
702
475
1345
57
1700
1297
1506
344
705
357
1765
628
430
1130
1898
1633
451
902
782
1449
1838
611
1378
1317
284
1745
495
345
353
740
241
938
1673
881
557
883
974
450
374
1433
1957
1734
542
1787
1359
107
943
684
899
983
163
859
1356
1401
1029
1200
1921
204
1170
250
1867
842
74
727
1594
1546
1340
250
1614
